4.699248120300751619e-04
4.699248120300751619e-04
4.699248120300751619e-04
0.000000000000000000e+00
4.699248120300751619e-04
4.699248120300751619e-04
9.398496240601503238e-04
4.699248120300751619e-04
9.398496240601503238e-04
4.699248120300751619e-04
4.699248120300751619e-04
4.699248120300751619e-04
0.000000000000000000e+00
4.699248120300751619e-04
0.000000000000000000e+00
0.000000000000000000e+00
0.000000000000000000e+00
0.000000000000000000e+00
2.584586466165413390e-02
9.398496240601503238e-04
4.699248120300751619e-04
9.398496240601503238e-04
1.409774436090225486e-03
4.699248120300751619e-04
1.409774436090225486e-03
9.398496240601503238e-04
4.699248120300751619e-04
1.879699248120300648e-03
0.000000000000000000e+00
4.699248120300751619e-04
9.398496240601503238e-04
4.699248120300751619e-04
0.000000000000000000e+00
4.699248120300751619e-04
1.409774436090225486e-03
9.398496240601503238e-04
9.398496240601503238e-04
9.398496240601503238e-04
4.699248120300751619e-04
4.699248120300751619e-04
2.349624060150375809e-03
0.000000000000000000e+00
4.699248120300751619e-04
9.398496240601503238e-04
2.349624060150375809e-03
0.000000000000000000e+00
0.000000000000000000e+00
4.699248120300751619e-04
1.879699248120300648e-03
1.409774436090225486e-03
0.000000000000000000e+00
9.398496240601503238e-04
4.699248120300751619e-04
0.000000000000000000e+00
4.699248120300751619e-04
4.699248120300751619e-04
4.699248120300751619e-04
4.699248120300751619e-04
4.699248120300751619e-04
4.699248120300751619e-04
4.699248120300751619e-04
0.000000000000000000e+00
4.699248120300751619e-04
4.699248120300751619e-04
4.699248120300751619e-04
0.000000000000000000e+00
4.699248120300751619e-04
4.699248120300751619e-04
4.699248120300751619e-04
0.000000000000000000e+00
4.699248120300751619e-04
4.699248120300751619e-04
2.819548872180450971e-03
4.699248120300751619e-04
0.000000000000000000e+00
9.398496240601503238e-04
9.398496240601503238e-04
4.699248120300751619e-04
4.699248120300751619e-04
2.349624060150375809e-03
7.988721804511277752e-03
4.699248120300751619e-04
4.699248120300751619e-04
9.398496240601503238e-04
4.699248120300751619e-04
4.699248120300751619e-04
0.000000000000000000e+00
4.699248120300751619e-04
9.398496240601503238e-04
4.699248120300751619e-04
4.699248120300751619e-04
4.699248120300751619e-04
4.699248120300751619e-04
4.699248120300751619e-04
4.699248120300751619e-04
0.000000000000000000e+00
4.699248120300751619e-04
9.398496240601503238e-04
9.398496240601503238e-04
4.699248120300751619e-04
9.398496240601503238e-04
4.699248120300751619e-04
9.398496240601503238e-04
9.398496240601503238e-04
1.409774436090225486e-03
0.000000000000000000e+00
4.699248120300751619e-04
2.349624060150375809e-03
4.699248120300751619e-04
4.699248120300751619e-04
0.000000000000000000e+00
4.699248120300751619e-04
2.349624060150375809e-03
4.699248120300751619e-04
4.699248120300751619e-04
4.699248120300751619e-04
4.699248120300751619e-04
4.699248120300751619e-04
4.699248120300751619e-04
1.879699248120300648e-03
4.699248120300751619e-04
4.229323308270676457e-03
4.699248120300751619e-02
0.000000000000000000e+00
0.000000000000000000e+00
4.699248120300751619e-04
1.409774436090225486e-03
4.699248120300751619e-04
0.000000000000000000e+00
4.699248120300751619e-04
4.699248120300751619e-04
4.699248120300751619e-04
1.409774436090225486e-03
1.644736842105263067e-02
4.699248120300751619e-04
4.699248120300751619e-04
0.000000000000000000e+00
4.699248120300751619e-04
4.699248120300751619e-04
4.699248120300751619e-04
4.699248120300751619e-04
9.398496240601503238e-04
4.699248120300751619e-04
4.699248120300751619e-04
1.409774436090225486e-03
4.699248120300751619e-04
4.699248120300751619e-04
3.289473684210526133e-03
2.349624060150375809e-03
4.699248120300751619e-04
4.699248120300751619e-04
4.699248120300751619e-04
0.000000000000000000e+00
4.699248120300751619e-04
0.000000000000000000e+00
4.699248120300751619e-04
4.699248120300751619e-04
4.699248120300751619e-04
4.699248120300751619e-04
4.699248120300751619e-04
4.699248120300751619e-04
4.699248120300751619e-03
0.000000000000000000e+00
4.699248120300751619e-04
4.699248120300751619e-04
4.699248120300751619e-04
4.699248120300751619e-04
4.699248120300751619e-04
0.000000000000000000e+00
9.398496240601503238e-04
0.000000000000000000e+00
1.879699248120300648e-03
0.000000000000000000e+00
4.699248120300751619e-04
4.699248120300751619e-04
4.699248120300751619e-04
4.699248120300751619e-04
4.699248120300751619e-04
4.699248120300751619e-04
1.409774436090225486e-03
0.000000000000000000e+00
0.000000000000000000e+00
4.699248120300751619e-04
4.699248120300751619e-04
9.398496240601503238e-04
1.409774436090225486e-03
4.699248120300751619e-04
2.349624060150375809e-02
4.699248120300751619e-04
4.699248120300751619e-04
9.398496240601503238e-04
4.699248120300751619e-04
9.398496240601503238e-04
0.000000000000000000e+00
1.409774436090225486e-03
4.699248120300751619e-04
0.000000000000000000e+00
4.699248120300751619e-04
4.699248120300751619e-04
4.699248120300751619e-04
4.699248120300751619e-04
4.699248120300751619e-04
4.699248120300751619e-04
9.398496240601503238e-04
9.398496240601503238e-04
4.699248120300751619e-04
4.699248120300751619e-04
4.699248120300751619e-04
9.398496240601503238e-04
4.699248120300751619e-04
0.000000000000000000e+00
0.000000000000000000e+00
4.699248120300751619e-04
4.135338345864661425e-02
4.699248120300751619e-04
4.699248120300751619e-04
4.699248120300751619e-04
4.699248120300751619e-04
4.699248120300751619e-04
1.879699248120300648e-03
9.398496240601503238e-04
9.398496240601503238e-04
4.699248120300751619e-04
4.699248120300751619e-04
4.699248120300751619e-04
4.699248120300751619e-04
1.879699248120300648e-03
4.699248120300751619e-04
9.398496240601503238e-04
2.819548872180450971e-03
4.699248120300751619e-04
4.699248120300751619e-04
0.000000000000000000e+00
4.699248120300751619e-04
1.409774436090225486e-03
0.000000000000000000e+00
0.000000000000000000e+00
0.000000000000000000e+00
4.699248120300751619e-04
9.398496240601503238e-04
4.699248120300751619e-04
2.349624060150375809e-03
4.699248120300751619e-04
4.699248120300751619e-04
4.699248120300751619e-04
4.699248120300751619e-04
4.699248120300751619e-04
4.699248120300751619e-04
1.409774436090225486e-03
4.699248120300751619e-04
4.699248120300751619e-04
0.000000000000000000e+00
4.699248120300751619e-04
4.699248120300751619e-04
0.000000000000000000e+00
4.699248120300751619e-04
4.699248120300751619e-04
4.699248120300751619e-04
9.398496240601503238e-04
9.398496240601503238e-04
4.699248120300751619e-04
4.699248120300751619e-04
4.699248120300751619e-04
9.398496240601503238e-04
1.409774436090225486e-03
0.000000000000000000e+00
0.000000000000000000e+00
4.699248120300751619e-04
0.000000000000000000e+00
4.699248120300751619e-04
4.699248120300751619e-04
1.409774436090225486e-03
4.699248120300751619e-04
0.000000000000000000e+00
9.398496240601503238e-04
4.699248120300751619e-04
4.699248120300751619e-04
0.000000000000000000e+00
4.699248120300751619e-04
4.699248120300751619e-04
0.000000000000000000e+00
0.000000000000000000e+00
0.000000000000000000e+00
4.699248120300751619e-04
4.699248120300751619e-04
4.699248120300751619e-04
4.699248120300751619e-04
9.398496240601503238e-04
4.699248120300751619e-04
4.699248120300751619e-04
4.699248120300751619e-04
1.879699248120300648e-03
4.699248120300751619e-04
4.699248120300751619e-04
0.000000000000000000e+00
4.699248120300751619e-04
0.000000000000000000e+00
4.699248120300751619e-04
1.879699248120300648e-03
4.699248120300751619e-04
4.699248120300751619e-04
1.409774436090225486e-03
0.000000000000000000e+00
1.879699248120300648e-03
4.699248120300751619e-04
4.699248120300751619e-04
0.000000000000000000e+00
4.699248120300751619e-04
4.699248120300751619e-04
1.879699248120300648e-03
9.398496240601503238e-04
4.699248120300751619e-04
0.000000000000000000e+00
4.699248120300751619e-04
2.819548872180450971e-03
4.699248120300751619e-04
4.699248120300751619e-04
4.699248120300751619e-04
4.699248120300751619e-04
4.699248120300751619e-04
4.699248120300751619e-04
9.398496240601503238e-04
4.699248120300751619e-04
4.699248120300751619e-04
9.398496240601503238e-04
1.409774436090225486e-03
1.409774436090225486e-03
4.699248120300751619e-04
0.000000000000000000e+00
0.000000000000000000e+00
0.000000000000000000e+00
4.699248120300751619e-04
4.699248120300751619e-04
9.398496240601503238e-04
1.315789473684210453e-02
4.699248120300751619e-04
9.398496240601503238e-04
4.699248120300751619e-04
4.699248120300751619e-04
4.699248120300751619e-04
9.398496240601503238e-04
4.699248120300751619e-04
4.699248120300751619e-04
9.398496240601503238e-04
4.699248120300751619e-04
4.699248120300751619e-04
0.000000000000000000e+00
4.699248120300751619e-04
4.699248120300751619e-04
4.699248120300751619e-04
9.398496240601503238e-04
4.699248120300751619e-04
4.699248120300751619e-04
1.879699248120300648e-02
0.000000000000000000e+00
0.000000000000000000e+00
4.699248120300751619e-04
4.699248120300751619e-04
4.699248120300751619e-04
9.398496240601503238e-04
2.349624060150375809e-03
4.699248120300751619e-04
0.000000000000000000e+00
9.398496240601503238e-04
4.699248120300751619e-04
9.398496240601503238e-04
4.699248120300751619e-04
4.699248120300751619e-04
4.699248120300751619e-04
1.409774436090225486e-03
1.879699248120300648e-03
1.409774436090225486e-03
9.398496240601503238e-04
6.109022556390977104e-03
4.699248120300751619e-04
4.699248120300751619e-04
9.398496240601503238e-04
4.699248120300751619e-04
0.000000000000000000e+00
4.699248120300751619e-04
4.699248120300751619e-04
4.699248120300751619e-04
4.699248120300751619e-04
9.398496240601503238e-04
4.699248120300751619e-04
4.699248120300751619e-04
4.699248120300751619e-04
9.398496240601503238e-04
0.000000000000000000e+00
4.699248120300751619e-04
4.699248120300751619e-04
4.699248120300751619e-04
4.699248120300751619e-04
4.699248120300751619e-04
9.398496240601503238e-04
9.398496240601503238e-04
9.398496240601503238e-04
4.699248120300751619e-04
9.398496240601503238e-04
0.000000000000000000e+00
4.699248120300751619e-04
4.699248120300751619e-04
4.699248120300751619e-04
4.699248120300751619e-04
4.699248120300751619e-04
4.699248120300751619e-04
0.000000000000000000e+00
4.699248120300751619e-04
9.398496240601503238e-04
4.699248120300751619e-04
4.699248120300751619e-04
4.699248120300751619e-04
4.699248120300751619e-04
4.699248120300751619e-04
0.000000000000000000e+00
1.409774436090225486e-03
4.699248120300751619e-04
4.699248120300751619e-04
4.699248120300751619e-04
2.819548872180450971e-03
1.879699248120300648e-03
0.000000000000000000e+00
9.398496240601503238e-04
0.000000000000000000e+00
4.699248120300751619e-04
4.699248120300751619e-04
4.699248120300751619e-04
4.699248120300751619e-04
4.699248120300751619e-04
4.699248120300751619e-04
2.819548872180450971e-03
4.699248120300751619e-04
4.699248120300751619e-04
0.000000000000000000e+00
4.699248120300751619e-04
4.699248120300751619e-04
4.699248120300751619e-04
4.699248120300751619e-04
0.000000000000000000e+00
4.699248120300751619e-04
4.699248120300751619e-04
4.699248120300751619e-04
4.699248120300751619e-04
0.000000000000000000e+00
4.699248120300751619e-04
0.000000000000000000e+00
4.699248120300751619e-04
1.409774436090225486e-03
4.699248120300751619e-04
4.699248120300751619e-04
0.000000000000000000e+00
4.699248120300751619e-04
4.699248120300751619e-04
0.000000000000000000e+00
4.699248120300751619e-04
4.699248120300751619e-04
4.699248120300751619e-04
0.000000000000000000e+00
4.699248120300751619e-04
4.699248120300751619e-04
4.699248120300751619e-04
1.409774436090225486e-03
0.000000000000000000e+00
4.699248120300751619e-04
2.349624060150375809e-03
9.398496240601503238e-04
4.699248120300751619e-04
9.398496240601503238e-04
4.699248120300751619e-04
4.699248120300751619e-04
0.000000000000000000e+00
1.127819548872180389e-02
4.699248120300751619e-04
0.000000000000000000e+00
1.879699248120300648e-03
2.349624060150375809e-03
2.819548872180450971e-03
4.699248120300751619e-04
9.398496240601503238e-04
4.699248120300751619e-04
9.398496240601503238e-04
4.699248120300751619e-04
9.398496240601503238e-04
4.699248120300751619e-04
9.398496240601503238e-04
4.699248120300751619e-04
0.000000000000000000e+00
4.699248120300751619e-04
9.398496240601503238e-04
4.699248120300751619e-04
4.699248120300751619e-04
4.699248120300751619e-04
4.699248120300751619e-04
4.699248120300751619e-04
0.000000000000000000e+00
1.409774436090225486e-03
4.699248120300751619e-04
4.699248120300751619e-04
4.699248120300751619e-04
4.699248120300751619e-04
0.000000000000000000e+00
4.699248120300751619e-04
4.699248120300751619e-04
9.398496240601503238e-04
4.699248120300751619e-04
0.000000000000000000e+00
4.699248120300751619e-04
4.699248120300751619e-04
4.699248120300751619e-04
4.699248120300751619e-04
4.699248120300751619e-04
9.398496240601503238e-04
4.699248120300751619e-04
4.699248120300751619e-04
0.000000000000000000e+00
4.699248120300751619e-04
4.699248120300751619e-04
0.000000000000000000e+00
4.699248120300751619e-04
4.699248120300751619e-04
9.398496240601503238e-04
4.699248120300751619e-04
3.289473684210526133e-03
4.182330827067669288e-02
4.699248120300751619e-04
9.398496240601503238e-04
4.699248120300751619e-04
1.879699248120300648e-03
9.398496240601503238e-04
4.699248120300751619e-04
1.879699248120300648e-03
4.699248120300751619e-04
4.699248120300751619e-04
0.000000000000000000e+00
4.699248120300751619e-04
4.699248120300751619e-04
9.398496240601503238e-04
4.699248120300751619e-04
4.699248120300751619e-04
0.000000000000000000e+00
4.699248120300751619e-04
4.699248120300751619e-04
4.699248120300751619e-04
4.699248120300751619e-04
9.398496240601503238e-04
4.699248120300751619e-04
4.699248120300751619e-04
2.349624060150375809e-03
1.409774436090225486e-03
4.699248120300751619e-04
9.398496240601503238e-04
6.578947368421052266e-03
4.699248120300751619e-04
4.699248120300751619e-04
0.000000000000000000e+00
4.699248120300751619e-04
4.699248120300751619e-04
9.398496240601503238e-04
0.000000000000000000e+00
4.699248120300751619e-04
4.699248120300751619e-04
4.699248120300751619e-04
9.398496240601503238e-04
4.699248120300751619e-04
1.879699248120300648e-03
4.699248120300751619e-04
5.639097744360901943e-03
6.109022556390977104e-03
4.699248120300751619e-04
4.699248120300751619e-04
4.699248120300751619e-04
1.832706766917293131e-02
4.699248120300751619e-04
4.699248120300751619e-04
4.699248120300751619e-04
4.699248120300751619e-04
1.409774436090225486e-03
4.699248120300751619e-04
4.699248120300751619e-04
9.398496240601503238e-04
4.699248120300751619e-04
4.699248120300751619e-04
1.409774436090225486e-03
0.000000000000000000e+00
4.699248120300751619e-04
4.699248120300751619e-04
4.699248120300751619e-04
4.699248120300751619e-04
4.699248120300751619e-04
4.699248120300751619e-04
0.000000000000000000e+00
0.000000000000000000e+00
4.699248120300751619e-04
4.699248120300751619e-04
4.699248120300751619e-04
4.699248120300751619e-04
4.699248120300751619e-04
4.699248120300751619e-04
0.000000000000000000e+00
0.000000000000000000e+00
4.699248120300751619e-04
4.699248120300751619e-04
4.699248120300751619e-04
0.000000000000000000e+00
6.015037593984962072e-02
9.398496240601503238e-04
0.000000000000000000e+00
4.699248120300751619e-04
9.398496240601503238e-04
4.699248120300751619e-04
0.000000000000000000e+00
9.398496240601503238e-04
0.000000000000000000e+00
4.699248120300751619e-04
4.699248120300751619e-04
4.699248120300751619e-04
4.699248120300751619e-04
4.699248120300751619e-04
0.000000000000000000e+00
4.699248120300751619e-04
4.699248120300751619e-02
4.699248120300751619e-04
4.699248120300751619e-04
4.699248120300751619e-04
4.699248120300751619e-04
1.879699248120300648e-03
1.409774436090225486e-03
4.699248120300751619e-04
4.699248120300751619e-04
9.398496240601503238e-04
4.699248120300751619e-04
4.699248120300751619e-04
4.699248120300751619e-03
4.699248120300751619e-04
9.398496240601503238e-04
4.699248120300751619e-04
0.000000000000000000e+00
4.699248120300751619e-04
4.699248120300751619e-04
4.699248120300751619e-04
9.398496240601503238e-04
4.699248120300751619e-04
4.699248120300751619e-04
0.000000000000000000e+00
4.699248120300751619e-04
0.000000000000000000e+00
9.398496240601503238e-04
4.699248120300751619e-04
0.000000000000000000e+00
0.000000000000000000e+00
4.699248120300751619e-04
4.699248120300751619e-04
9.398496240601503238e-04
4.699248120300751619e-04
9.398496240601503238e-04
4.699248120300751619e-04
4.699248120300751619e-04
1.879699248120300648e-03
4.699248120300751619e-04
4.699248120300751619e-04
0.000000000000000000e+00
0.000000000000000000e+00
4.699248120300751619e-04
4.699248120300751619e-04
9.398496240601503238e-04
4.699248120300751619e-04
4.699248120300751619e-04
0.000000000000000000e+00
0.000000000000000000e+00
0.000000000000000000e+00
2.819548872180450971e-03
9.398496240601503238e-04
0.000000000000000000e+00
4.699248120300751619e-04
4.699248120300751619e-04
1.409774436090225486e-03
4.699248120300751619e-04
9.398496240601503238e-04
4.699248120300751619e-04
4.699248120300751619e-04
4.699248120300751619e-04
0.000000000000000000e+00
1.033834586466165356e-02
4.699248120300751619e-04
9.398496240601503238e-04
0.000000000000000000e+00
4.699248120300751619e-04
4.699248120300751619e-04
4.699248120300751619e-04
9.868421052631578400e-03
2.819548872180450971e-03
4.699248120300751619e-04
0.000000000000000000e+00
4.699248120300751619e-04
4.699248120300751619e-04
4.699248120300751619e-03
9.398496240601503238e-04
9.398496240601503238e-04
4.229323308270676457e-03
4.699248120300751619e-04
4.699248120300751619e-04
3.148496240601503932e-02
4.699248120300751619e-04
9.398496240601503238e-04
9.398496240601503238e-04
4.699248120300751619e-04
4.699248120300751619e-04
4.699248120300751619e-04
4.699248120300751619e-04
1.409774436090225486e-03
4.699248120300751619e-04
4.699248120300751619e-04
1.879699248120300648e-03
4.699248120300751619e-04
4.699248120300751619e-04
0.000000000000000000e+00
4.699248120300751619e-04
0.000000000000000000e+00
1.409774436090225486e-03
0.000000000000000000e+00
4.699248120300751619e-04
4.699248120300751619e-04
4.699248120300751619e-04
4.699248120300751619e-04
4.699248120300751619e-04
9.398496240601503238e-04
1.409774436090225486e-03
4.699248120300751619e-04
0.000000000000000000e+00
9.398496240601503238e-04
4.699248120300751619e-04
4.699248120300751619e-04
4.699248120300751619e-04
4.699248120300751619e-03
4.699248120300751619e-04
4.699248120300751619e-04
9.398496240601503238e-04
4.699248120300751619e-04
9.398496240601503238e-04
9.398496240601503238e-04
8.458646616541352914e-03
4.699248120300751619e-04
9.398496240601503238e-04
2.819548872180450971e-03
9.398496240601503238e-04
3.759398496240601295e-03
4.699248120300751619e-04
9.398496240601503238e-04
4.699248120300751619e-04
0.000000000000000000e+00
4.699248120300751619e-04
4.699248120300751619e-04
4.699248120300751619e-04
0.000000000000000000e+00
2.819548872180450971e-03
2.349624060150375809e-03
4.699248120300751619e-04
9.398496240601503238e-04
4.699248120300751619e-04
4.699248120300751619e-04
1.409774436090225486e-03
4.699248120300751619e-04
4.699248120300751619e-04
4.699248120300751619e-04
9.398496240601503238e-04
0.000000000000000000e+00
4.699248120300751619e-04
1.409774436090225486e-03
4.699248120300751619e-04
4.699248120300751619e-04
0.000000000000000000e+00
6.578947368421052266e-03
4.699248120300751619e-04
0.000000000000000000e+00
4.699248120300751619e-04
0.000000000000000000e+00
4.699248120300751619e-04
9.398496240601503238e-04
1.597744360902255550e-02
4.699248120300751619e-04
5.639097744360901943e-03
4.699248120300751619e-04
4.229323308270676457e-03
4.699248120300751619e-04
9.398496240601503238e-04
4.699248120300751619e-04
1.879699248120300648e-03
9.398496240601503238e-04
4.699248120300751619e-04
4.699248120300751619e-04
9.398496240601503238e-04
9.398496240601503238e-04
4.699248120300751619e-04
4.699248120300751619e-04
9.398496240601503238e-04
4.699248120300751619e-04
4.699248120300751619e-04
0.000000000000000000e+00
0.000000000000000000e+00
4.699248120300751619e-04
4.699248120300751619e-04
4.699248120300751619e-04
1.409774436090225486e-03
9.398496240601503238e-04
9.398496240601503238e-04
4.699248120300751619e-04
4.699248120300751619e-04
9.398496240601503238e-04
9.398496240601503238e-04
4.699248120300751619e-04
9.398496240601503238e-04
1.879699248120300648e-03
4.229323308270676457e-03
